   20
0.000000000000e+000	0.000000000000e+000	-7.500000000000e-001
-3.862712400000e-002	-6.690414200000e-002	-7.377641300000e-001
3.862712400000e-002	-6.690414200000e-002	-7.377641300000e-001
-7.725424900000e-002	0.000000000000e+000	-7.377641300000e-001
7.725424900000e-002	0.000000000000e+000	-7.377641300000e-001
-3.862712400000e-002	6.690414200000e-002	-7.377641300000e-001
3.862712400000e-002	6.690414200000e-002	-7.377641300000e-001
0.000000000000e+000	-1.469463100000e-001	-7.022542500000e-001
-7.347315700000e-002	-1.272592400000e-001	-7.022542500000e-001
7.347315700000e-002	-1.272592400000e-001	-7.022542500000e-001
-1.272592400000e-001	-7.347315700000e-002	-7.022542500000e-001
1.272592400000e-001	-7.347315700000e-002	-7.022542500000e-001
-1.469463100000e-001	0.000000000000e+000	-7.022542500000e-001
1.469463100000e-001	0.000000000000e+000	-7.022542500000e-001
-1.272592400000e-001	7.347315700000e-002	-7.022542500000e-001
1.272592400000e-001	7.347315700000e-002	-7.022542500000e-001
-7.347315700000e-002	1.272592400000e-001	-7.022542500000e-001
7.347315700000e-002	1.272592400000e-001	-7.022542500000e-001
0.000000000000e+000	1.469463100000e-001	-7.022542500000e-001
-3.512108200000e-002	-1.991815500000e-001	-6.469463100000e-001
   26
     3
     0
     0
     2	     0	     1
     1	     0	     3
     4	     0	     2
     3	     0	     5
     6	     0	     4
     5	     0	     6
     2	     1	     7
     1	     3	    10
     4	     2	    11
     3	     5	    14
     6	     4	    15
     5	     6	    18
     7	     1	     8
     9	     2	     7
     8	     1	    10
    11	     2	     9
    10	     3	    12
    13	     4	    11
    12	     3	    14
    15	     4	    13
    14	     5	    16
    17	     6	    15
    16	     5	    18
    18	     6	    17
     7	     8	    19
     9	     7	    20
-1.000000000000e+000	
-1.000000000000e+000	
-1.000000000000e+000	
-1.000000000000e+000	
-1.000000000000e+000	
-1.000000000000e+000	
-1.000000000000e+000	
-1.000000000000e+000	
-1.000000000000e+000	
-1.000000000000e+000	
-1.000000000000e+000	
-1.000000000000e+000	
-1.000000000000e+000	
-1.000000000000e+000	
-1.000000000000e+000	
-1.000000000000e+000	
-1.000000000000e+000	
-1.000000000000e+000	
-1.000000000000e+000	
-1.000000000000e+000	
-1.000000000000e+000	
-1.000000000000e+000	
-1.000000000000e+000	
-1.000000000000e+000	
-1.000000000000e+000	
-1.000000000000e+000	

